84.0
70.0
78.0
80.0
66.0
74.0
78.0
70.0
82.0
76.0
80.0
84.0
68.0
74.0
84.0
66.0
72.0
74.0
76.0
62.0
84.0
76.0
80.0
80.0
78.0
82.0
78.0
76.0
80.0
74.0
78.0
72.0
74.0
86.0
72.0
74.0
74.0
78.0
80.0
86.0
74.0
68.0
74.0
86.0
78.0
74.0
64.0
74.0
76.0
76.0
68.0
84.0
72.0
82.0
72.0
76.0
82.0
58.0
78.0
80.0
64.0
78.0
58.0
66.0
68.0
70.0
86.0
76.0
80.0
70.0
68.0
74.0
76.0
68.0
84.0
88.0
68.0
84.0
76.0
74.0
68.0
84.0
74.0
84.0
76.0
88.0
78.0
74.0
70.0
72.0
72.0
80.0
82.0
78.0
74.0
74.0
88.0
74.0
82.0
82.0
