66.0
48.0
62.0
54.0
48.0
64.0
46.0
60.0
66.0
54.0
54.0
54.0
56.0
56.0
58.0
48.0
60.0
48.0
66.0
50.0
50.0
62.0
50.0
62.0
58.0
58.0
58.0
54.0
60.0
52.0
56.0
56.0
58.0
60.0
58.0
52.0
54.0
62.0
56.0
56.0
56.0
56.0
64.0
70.0
54.0
58.0
50.0
62.0
44.0
54.0
58.0
54.0
48.0
60.0
48.0
62.0
66.0
44.0
54.0
50.0
60.0
56.0
56.0
64.0
62.0
42.0
56.0
54.0
60.0
54.0
54.0
42.0
58.0
48.0
58.0
54.0
56.0
56.0
54.0
52.0
54.0
64.0
70.0
58.0
48.0
72.0
52.0
62.0
54.0
68.0
72.0
76.0
62.0
48.0
56.0
56.0
50.0
68.0
52.0
58.0
