80.0
68.0
78.0
76.0
76.0
70.0
78.0
78.0
78.0
66.0
80.0
76.0
76.0
76.0
64.0
76.0
72.0
80.0
70.0
76.0
70.0
66.0
68.0
74.0
72.0
82.0
72.0
76.0
66.0
76.0
88.0
72.0
72.0
78.0
70.0
76.0
66.0
72.0
70.0
76.0
84.0
74.0
76.0
76.0
80.0
84.0
70.0
66.0
78.0
64.0
72.0
74.0
74.0
80.0
68.0
76.0
74.0
76.0
56.0
68.0
72.0
68.0
76.0
76.0
74.0
64.0
68.0
70.0
84.0
72.0
82.0
66.0
68.0
64.0
78.0
82.0
62.0
76.0
74.0
74.0
62.0
82.0
78.0
84.0
70.0
78.0
80.0
74.0
72.0
74.0
74.0
72.0
72.0
76.0
66.0
70.0
76.0
74.0
78.0
70.0
