16.0
20.0
34.0
36.0
28.0
28.0
28.0
26.0
20.0
32.0
32.0
32.0
32.0
24.0
42.0
24.0
16.0
22.0
20.0
12.0
18.0
40.0
32.0
26.0
32.0
28.0
36.0
26.0
14.0
26.0
20.0
20.0
28.0
16.0
26.0
24.0
34.0
22.0
32.0
28.0
32.0
18.0
20.0
26.0
20.0
32.0
22.0
20.0
24.0
24.0
24.0
24.0
22.0
14.0
36.0
30.0
28.0
14.0
24.0
24.0
26.0
24.0
18.0
26.0
20.0
28.0
26.0
28.0
28.0
32.0
18.0
20.0
26.0
24.0
16.0
52.0
26.0
20.0
18.0
22.0
24.0
30.0
32.0
34.0
18.0
32.0
28.0
32.0
22.0
32.0
16.0
46.0
24.0
24.0
30.0
16.0
28.0
40.0
34.0
34.0
