48.0
36.0
50.0
46.0
28.0
42.0
30.0
38.0
42.0
26.0
40.0
46.0
44.0
38.0
34.0
28.0
34.0
34.0
24.0
22.0
34.0
40.0
34.0
40.0
34.0
32.0
32.0
34.0
34.0
38.0
34.0
42.0
26.0
36.0
28.0
36.0
40.0
44.0
40.0
24.0
42.0
28.0
44.0
50.0
44.0
40.0
34.0
34.0
34.0
36.0
40.0
34.0
44.0
42.0
36.0
42.0
38.0
26.0
26.0
38.0
32.0
48.0
34.0
38.0
38.0
26.0
32.0
40.0
42.0
34.0
40.0
30.0
30.0
28.0
38.0
42.0
38.0
38.0
40.0
42.0
52.0
44.0
42.0
46.0
32.0
52.0
36.0
28.0
38.0
38.0
30.0
54.0
42.0
28.0
44.0
40.0
48.0
42.0
30.0
40.0
