58.0
66.0
64.0
66.0
66.0
68.0
62.0
60.0
68.0
54.0
56.0
60.0
60.0
60.0
64.0
60.0
62.0
80.0
58.0
66.0
64.0
60.0
62.0
56.0
56.0
82.0
72.0
64.0
72.0
72.0
64.0
68.0
54.0
64.0
66.0
64.0
54.0
68.0
60.0
76.0
64.0
70.0
68.0
74.0
70.0
62.0
64.0
58.0
58.0
52.0
66.0
60.0
68.0
68.0
60.0
58.0
70.0
52.0
60.0
50.0
68.0
60.0
40.0
68.0
66.0
58.0
72.0
64.0
60.0
74.0
64.0
56.0
66.0
58.0
56.0
64.0
50.0
68.0
72.0
64.0
58.0
72.0
64.0
70.0
68.0
76.0
52.0
54.0
62.0
74.0
66.0
62.0
68.0
68.0
52.0
60.0
68.0
76.0
56.0
76.0
