24.0
20.0
30.0
34.0
34.0
32.0
36.0
26.0
24.0
32.0
34.0
38.0
38.0
30.0
42.0
30.0
20.0
24.0
20.0
24.0
20.0
36.0
30.0
32.0
34.0
28.000000000000004
36.0
36.0
32.0
28.000000000000004
28.000000000000004
14.000000000000002
26.0
18.0
20.0
32.0
40.0
24.0
32.0
30.0
30.0
18.0
16.0
32.0
22.0
28.000000000000004
24.0
20.0
20.0
28.000000000000004
28.000000000000004
42.0
28.000000000000004
22.0
34.0
24.0
50.0
8.0
24.0
24.0
32.0
28.000000000000004
18.0
24.0
12.0
26.0
28.000000000000004
28.000000000000004
30.0
32.0
26.0
20.0
20.0
16.0
18.0
44.0
32.0
32.0
18.0
14.000000000000002
28.000000000000004
40.0
30.0
30.0
20.0
30.0
32.0
30.0
26.0
30.0
20.0
36.0
38.0
34.0
30.0
26.0
36.0
42.0
42.0
42.0
