70.0
64.0
74.0
64.0
72.0
76.0
70.0
66.0
74.0
54.0
74.0
66.0
64.0
72.0
62.0
62.0
70.0
82.0
62.0
68.0
66.0
66.0
66.0
60.0
68.0
76.0
72.0
76.0
76.0
70.0
72.0
68.0
62.0
76.0
70.0
64.0
62.0
72.0
68.0
74.0
72.0
70.0
70.0
80.0
76.0
80.0
66.0
66.0
60.0
68.0
74.0
64.0
76.0
66.0
62.0
68.0
72.0
44.0
70.0
62.0
70.0
64.0
44.0
66.0
62.0
64.0
78.0
66.0
64.0
88.0
72.0
60.0
66.0
62.0
64.0
68.0
60.0
72.0
78.0
76.0
68.0
78.0
66.0
76.0
72.0
78.0
60.0
60.0
66.0
76.0
70.0
57.99999999999999
72.0
76.0
57.99999999999999
64.0
78.0
76.0
68.0
78.0
