86.0
72.0
88.0
76.0
72.0
76.0
74.0
78.0
82.0
80.0
68.0
82.0
66.0
74.0
92.0
72.0
78.0
76.0
76.0
60.0
86.0
82.0
86.0
78.0
86.0
82.0
72.0
72.0
80.0
78.0
84.0
72.0
74.0
86.0
76.0
80.0
78.0
72.0
76.0
88.0
88.0
76.0
74.0
82.0
88.0
82.0
66.0
70.0
84.0
76.0
68.0
86.0
76.0
76.0
80.0
84.0
90.0
64.0
74.0
78.0
72.0
86.0
62.0
68.0
70.0
80.0
86.0
84.0
82.0
80.0
70.0
66.0
70.0
76.0
82.0
86.0
78.0
84.0
84.0
78.0
78.0
80.0
78.0
80.0
74.0
86.0
86.0
70.0
72.0
76.0
72.0
78.0
84.0
84.0
72.0
74.0
86.0
80.0
76.0
78.0
