38.0
22.0
42.0
36.0
20.0
28.000000000000004
36.0
38.0
26.0
24.0
30.0
44.0
32.0
30.0
28.000000000000004
26.0
20.0
16.0
24.0
26.0
40.0
32.0
34.0
42.0
48.0
28.000000000000004
28.000000000000004
28.000000000000004
30.0
24.0
26.0
34.0
20.0
26.0
24.0
32.0
30.0
38.0
36.0
28.000000000000004
44.0
22.0
30.0
40.0
34.0
24.0
36.0
18.0
28.000000000000004
26.0
32.0
26.0
34.0
22.0
32.0
36.0
36.0
18.0
22.0
22.0
32.0
30.0
22.0
32.0
34.0
26.0
20.0
34.0
36.0
30.0
34.0
30.0
22.0
24.0
18.0
32.0
24.0
30.0
30.0
32.0
36.0
30.0
26.0
34.0
22.0
38.0
38.0
30.0
28.000000000000004
34.0
24.0
50.0
20.0
26.0
34.0
30.0
36.0
30.0
34.0
32.0
