46.0
22.0
50.0
40.0
38.0
42.0
30.0
42.0
40.0
32.0
32.0
54.0
40.0
36.0
38.0
38.0
30.0
38.0
38.0
28.000000000000004
42.0
44.0
34.0
24.0
44.0
42.0
38.0
34.0
36.0
32.0
36.0
38.0
26.0
38.0
36.0
30.0
34.0
42.0
30.0
32.0
28.000000000000004
30.0
42.0
44.0
44.0
36.0
32.0
32.0
38.0
28.000000000000004
40.0
34.0
34.0
40.0
42.0
46.0
44.0
28.000000000000004
30.0
26.0
42.0
42.0
18.0
28.000000000000004
38.0
32.0
36.0
40.0
38.0
34.0
42.0
32.0
36.0
38.0
40.0
44.0
36.0
42.0
34.0
32.0
34.0
38.0
40.0
38.0
22.0
44.0
42.0
46.0
32.0
38.0
30.0
42.0
42.0
26.0
50.0
46.0
52.0
40.0
32.0
34.0
