42.0
30.0
54.0
24.0
38.0
44.0
50.0
38.0
38.0
46.0
48.0
52.0
36.0
34.0
52.0
42.0
34.0
40.0
34.0
42.0
44.0
36.0
48.0
46.0
44.0
44.0
38.0
46.0
38.0
28.000000000000004
48.0
30.0
42.0
42.0
34.0
44.0
46.0
40.0
42.0
42.0
34.0
26.0
36.0
42.0
44.0
40.0
44.0
32.0
40.0
44.0
32.0
48.0
46.0
38.0
32.0
42.0
57.99999999999999
26.0
40.0
30.0
34.0
42.0
40.0
40.0
34.0
46.0
42.0
42.0
48.0
34.0
48.0
38.0
36.0
46.0
20.0
46.0
32.0
48.0
36.0
38.0
34.0
48.0
48.0
40.0
36.0
54.0
44.0
46.0
46.0
40.0
46.0
44.0
44.0
57.99999999999999
44.0
42.0
40.0
48.0
42.0
50.0
