82.0
80.0
86.0
76.0
80.0
82.0
76.0
78.0
70.0
72.0
82.0
72.0
80.0
76.0
70.0
72.0
72.0
84.0
76.0
78.0
78.0
76.0
68.0
72.0
78.0
80.0
74.0
74.0
64.0
80.0
88.0
70.0
78.0
86.0
66.0
78.0
74.0
78.0
74.0
78.0
90.0
74.0
70.0
82.0
82.0
92.0
64.0
70.0
80.0
70.0
80.0
78.0
80.0
76.0
72.0
84.0
76.0
82.0
62.0
66.0
82.0
74.0
84.0
74.0
78.0
68.0
76.0
76.0
78.0
84.0
84.0
68.0
72.0
72.0
76.0
64.0
66.0
68.0
78.0
76.0
72.0
86.0
82.0
86.0
76.0
84.0
80.0
70.0
78.0
78.0
68.0
78.0
74.0
78.0
82.0
72.0
78.0
78.0
78.0
74.0
