54.0
42.0
46.0
50.0
48.0
54.0
50.0
64.0
44.0
38.0
60.0
54.0
50.0
46.0
54.0
42.0
34.0
24.0
50.0
50.0
50.0
50.0
42.0
42.0
52.0
48.0
46.0
44.0
32.0
36.0
42.0
26.0
50.0
38.0
42.0
50.0
48.0
62.0
56.00000000000001
50.0
54.0
48.0
30.0
52.0
52.0
42.0
46.0
34.0
50.0
34.0
52.0
62.0
48.0
42.0
38.0
52.0
50.0
34.0
44.0
38.0
50.0
52.0
44.0
30.0
50.0
32.0
52.0
50.0
50.0
44.0
50.0
40.0
42.0
44.0
36.0
54.0
32.0
36.0
48.0
38.0
50.0
50.0
50.0
46.0
38.0
46.0
57.99999999999999
50.0
26.0
44.0
50.0
40.0
50.0
52.0
52.0
40.0
54.0
48.0
52.0
48.0
