40.0
26.0
40.0
32.0
32.0
40.0
26.0
38.0
40.0
26.0
34.0
52.0
44.0
16.0
36.0
36.0
26.0
36.0
40.0
30.0
24.0
42.0
38.0
40.0
44.0
32.0
36.0
30.0
40.0
18.0
26.0
36.0
16.0
24.0
32.0
38.0
40.0
42.0
36.0
22.0
24.0
30.0
36.0
44.0
42.0
40.0
30.0
24.0
28.000000000000004
28.000000000000004
22.0
34.0
28.000000000000004
24.0
44.0
38.0
44.0
24.0
16.0
32.0
34.0
30.0
22.0
32.0
32.0
26.0
34.0
34.0
36.0
32.0
38.0
26.0
20.0
38.0
36.0
34.0
30.0
36.0
34.0
28.000000000000004
38.0
32.0
28.000000000000004
32.0
20.0
38.0
38.0
32.0
30.0
34.0
36.0
56.00000000000001
26.0
36.0
40.0
32.0
44.0
50.0
34.0
38.0
