70.0
54.0
64.0
62.0
56.00000000000001
68.0
56.00000000000001
74.0
64.0
64.0
50.0
57.99999999999999
60.0
70.0
60.0
60.0
66.0
54.0
74.0
56.00000000000001
52.0
70.0
54.0
68.0
66.0
56.00000000000001
60.0
57.99999999999999
64.0
60.0
54.0
62.0
56.00000000000001
64.0
56.00000000000001
64.0
66.0
68.0
62.0
60.0
68.0
62.0
68.0
66.0
64.0
60.0
54.0
60.0
44.0
57.99999999999999
56.00000000000001
57.99999999999999
54.0
68.0
54.0
66.0
68.0
50.0
60.0
54.0
70.0
57.99999999999999
60.0
66.0
66.0
56.00000000000001
62.0
66.0
60.0
62.0
60.0
52.0
62.0
54.0
62.0
60.0
57.99999999999999
66.0
62.0
56.00000000000001
64.0
66.0
74.0
64.0
50.0
70.0
62.0
66.0
56.00000000000001
66.0
72.0
80.0
70.0
52.0
66.0
60.0
54.0
66.0
56.00000000000001
66.0
