60.0
54.0
70.0
57.99999999999999
70.0
52.0
70.0
52.0
62.0
57.99999999999999
54.0
57.99999999999999
74.0
54.0
62.0
60.0
57.99999999999999
54.0
50.0
64.0
57.99999999999999
57.99999999999999
62.0
60.0
57.99999999999999
64.0
60.0
64.0
56.00000000000001
48.0
57.99999999999999
54.0
52.0
52.0
60.0
64.0
52.0
62.0
54.0
60.0
56.00000000000001
50.0
48.0
60.0
62.0
74.0
54.0
56.00000000000001
64.0
64.0
70.0
57.99999999999999
42.0
52.0
56.00000000000001
68.0
66.0
46.0
52.0
48.0
64.0
57.99999999999999
56.00000000000001
48.0
54.0
48.0
62.0
60.0
68.0
64.0
48.0
54.0
57.99999999999999
54.0
52.0
64.0
44.0
68.0
50.0
42.0
42.0
70.0
57.99999999999999
62.0
60.0
70.0
70.0
54.0
50.0
62.0
57.99999999999999
60.0
70.0
68.0
62.0
50.0
64.0
70.0
66.0
64.0
