72.0
62.0
80.0
74.0
72.0
70.0
68.0
74.0
80.0
56.00000000000001
62.0
60.0
62.0
68.0
72.0
60.0
57.99999999999999
66.0
66.0
68.0
57.99999999999999
60.0
72.0
72.0
68.0
70.0
62.0
74.0
68.0
66.0
60.0
76.0
66.0
72.0
64.0
66.0
60.0
70.0
62.0
66.0
70.0
68.0
72.0
70.0
62.0
70.0
62.0
66.0
68.0
64.0
72.0
68.0
68.0
70.0
62.0
76.0
88.0
80.0
72.0
66.0
72.0
70.0
64.0
50.0
82.0
68.0
64.0
76.0
64.0
68.0
78.0
57.99999999999999
68.0
66.0
80.0
80.0
62.0
80.0
68.0
62.0
62.0
74.0
72.0
78.0
66.0
80.0
76.0
76.0
66.0
66.0
62.0
76.0
64.0
68.0
57.99999999999999
72.0
70.0
84.0
62.0
62.0
