90.0
88.0
92.0
88.0
96.0
94.0
88.0
96.0
92.0
82.0
92.0
82.0
92.0
90.0
82.0
90.0
90.0
86.0
86.0
86.0
84.0
86.0
86.0
90.0
82.0
94.0
84.0
76.0
92.0
88.0
94.0
84.0
94.0
94.0
92.0
96.0
88.0
94.0
90.0
92.0
94.0
82.0
90.0
94.0
88.0
92.0
88.0
88.0
92.0
82.0
88.0
98.0
92.0
86.0
90.0
94.0
92.0
86.0
84.0
90.0
88.0
84.0
84.0
80.0
90.0
84.0
90.0
86.0
84.0
86.0
86.0
82.0
82.0
80.0
84.0
96.0
80.0
98.0
90.0
92.0
82.0
82.0
92.0
96.0
94.0
90.0
90.0
88.0
92.0
90.0
88.0
98.0
84.0
96.0
90.0
88.0
96.0
92.0
94.0
92.0
