54.0
70.0
68.0
66.0
52.0
57.99999999999999
52.0
62.0
66.0
46.0
52.0
64.0
57.99999999999999
52.0
56.00000000000001
54.0
54.0
74.0
57.99999999999999
68.0
74.0
64.0
54.0
52.0
70.0
62.0
54.0
66.0
52.0
56.00000000000001
62.0
56.00000000000001
66.0
64.0
70.0
66.0
70.0
52.0
62.0
48.0
64.0
60.0
62.0
70.0
48.0
70.0
66.0
54.0
48.0
80.0
60.0
64.0
57.99999999999999
52.0
68.0
62.0
66.0
56.00000000000001
57.99999999999999
62.0
57.99999999999999
46.0
44.0
56.00000000000001
48.0
62.0
70.0
46.0
66.0
68.0
72.0
54.0
62.0
62.0
62.0
64.0
54.0
60.0
50.0
52.0
62.0
64.0
56.00000000000001
48.0
57.99999999999999
57.99999999999999
54.0
68.0
68.0
68.0
68.0
74.0
48.0
72.0
57.99999999999999
57.99999999999999
64.0
72.0
56.00000000000001
54.0
57.99999999999999
66.0
50.0
52.0
60.0
48.0
50.0
60.0
56.00000000000001
54.0
54.0
64.0
64.0
64.0
57.99999999999999
68.0
64.0
48.0
62.0
62.0
52.0
66.0
72.0
70.0
54.0
62.0
62.0
50.0
46.0
57.99999999999999
62.0
70.0
64.0
56.00000000000001
64.0
60.0
60.0
72.0
64.0
64.0
64.0
56.00000000000001
52.0
56.00000000000001
68.0
56.00000000000001
50.0
50.0
62.0
46.0
60.0
54.0
62.0
54.0
52.0
52.0
62.0
66.0
54.0
62.0
64.0
66.0
76.0
68.0
60.0
57.99999999999999
70.0
70.0
56.00000000000001
62.0
54.0
50.0
62.0
68.0
64.0
72.0
60.0
60.0
56.00000000000001
56.00000000000001
38.0
66.0
72.0
60.0
62.0
54.0
50.0
72.0
48.0
68.0
56.00000000000001
64.0
56.00000000000001
60.0
66.0
44.0
46.0
60.0
62.0
56.00000000000001
57.99999999999999
62.0
54.0
74.0
60.0
68.0
57.99999999999999
56.00000000000001
56.00000000000001
38.0
64.0
46.0
46.0
57.99999999999999
72.0
74.0
62.0
62.0
68.0
64.0
66.0
57.99999999999999
57.99999999999999
70.0
60.0
66.0
70.0
76.0
54.0
54.0
62.0
66.0
52.0
57.99999999999999
72.0
62.0
66.0
56.00000000000001
54.0
62.0
64.0
54.0
46.0
64.0
70.0
62.0
76.0
50.0
70.0
60.0
54.0
52.0
76.0
60.0
64.0
66.0
50.0
54.0
50.0
