64.0
62.0
68.0
76.0
66.0
74.0
72.0
74.0
60.0
72.0
70.0
70.0
78.0
74.0
72.0
64.0
68.0
76.0
72.0
78.0
62.0
60.0
72.0
68.0
74.0
72.0
76.0
66.0
68.0
80.0
68.0
68.0
66.0
70.0
68.0
66.0
72.0
72.0
57.99999999999999
66.0
64.0
74.0
54.0
78.0
68.0
78.0
74.0
68.0
68.0
60.0
60.0
72.0
72.0
62.0
72.0
76.0
68.0
68.0
70.0
78.0
70.0
82.0
66.0
74.0
80.0
78.0
76.0
64.0
70.0
76.0
66.0
70.0
74.0
76.0
64.0
68.0
70.0
76.0
78.0
60.0
70.0
78.0
72.0
84.0
60.0
66.0
68.0
68.0
76.0
48.0
68.0
76.0
68.0
64.0
76.0
78.0
70.0
70.0
70.0
66.0
74.0
66.0
74.0
72.0
76.0
80.0
70.0
66.0
68.0
68.0
72.0
64.0
60.0
78.0
82.0
64.0
70.0
72.0
68.0
74.0
62.0
64.0
74.0
70.0
66.0
72.0
64.0
70.0
60.0
80.0
66.0
57.99999999999999
70.0
78.0
62.0
72.0
68.0
70.0
60.0
70.0
68.0
70.0
76.0
74.0
74.0
64.0
68.0
68.0
64.0
66.0
70.0
76.0
70.0
68.0
76.0
80.0
64.0
66.0
66.0
74.0
70.0
74.0
74.0
72.0
66.0
66.0
70.0
64.0
74.0
78.0
72.0
72.0
78.0
76.0
74.0
60.0
60.0
64.0
76.0
68.0
76.0
70.0
64.0
78.0
76.0
76.0
74.0
66.0
74.0
60.0
76.0
68.0
68.0
76.0
66.0
84.0
88.0
72.0
66.0
68.0
70.0
62.0
66.0
80.0
74.0
60.0
78.0
68.0
78.0
76.0
60.0
74.0
72.0
74.0
68.0
70.0
62.0
57.99999999999999
72.0
64.0
68.0
70.0
68.0
70.0
66.0
64.0
78.0
70.0
80.0
72.0
74.0
68.0
76.0
72.0
66.0
70.0
68.0
64.0
64.0
74.0
76.0
68.0
74.0
74.0
48.0
64.0
60.0
74.0
66.0
68.0
74.0
72.0
64.0
68.0
62.0
68.0
62.0
80.0
68.0
76.0
76.0
72.0
72.0
57.99999999999999
64.0
68.0
