94.0
90.0
92.0
78.0
94.0
90.0
86.0
96.0
90.0
74.0
92.0
80.0
90.0
82.0
88.0
86.0
82.0
92.0
90.0
88.0
86.0
86.0
96.0
88.0
82.0
92.0
80.0
80.0
90.0
90.0
92.0
84.0
92.0
90.0
84.0
90.0
86.0
88.0
90.0
86.0
96.0
82.0
82.0
92.0
84.0
90.0
84.0
84.0
88.0
86.0
86.0
100.0
80.0
84.0
88.0
84.0
90.0
88.0
86.0
84.0
84.0
86.0
84.0
82.0
94.0
88.0
82.0
84.0
94.0
90.0
82.0
84.0
86.0
74.0
84.0
96.0
74.0
86.0
88.0
86.0
78.0
88.0
90.0
92.0
90.0
88.0
90.0
86.0
92.0
88.0
86.0
98.0
90.0
84.0
88.0
82.0
96.0
88.0
82.0
84.0
