56.0
48.0
58.0
64.0
58.0
54.0
60.0
62.0
44.0
58.0
68.0
64.0
54.0
56.0
64.0
58.0
48.0
50.0
54.0
54.0
56.0
62.0
50.0
48.0
52.0
64.0
60.0
50.0
46.0
58.0
60.0
46.0
58.0
42.0
42.0
54.0
62.0
64.0
58.0
48.0
58.0
52.0
46.0
66.0
50.0
58.0
50.0
48.0
50.0
56.0
56.0
68.0
56.0
56.0
38.0
56.0
68.0
50.0
54.0
42.0
60.0
56.0
52.0
44.0
56.0
44.0
50.0
50.0
46.0
54.0
40.0
50.0
50.0
50.0
54.0
74.0
52.0
56.0
54.0
54.0
54.0
64.0
58.0
46.0
42.0
56.0
64.0
52.0
46.0
54.0
58.0
66.0
52.0
60.0
58.0
60.0
66.0
60.0
58.0
56.0
