58.0
58.0
54.0
60.0
56.0
46.0
66.0
48.0
62.0
54.0
58.0
58.0
66.0
44.0
60.0
54.0
50.0
50.0
44.0
54.0
58.0
50.0
54.0
60.0
52.0
56.0
64.0
52.0
44.0
44.0
60.0
50.0
50.0
60.0
56.0
56.0
60.0
54.0
46.0
60.0
64.0
48.0
46.0
58.0
52.0
64.0
52.0
50.0
60.0
48.0
58.0
52.0
32.0
50.0
48.0
54.0
56.0
42.0
48.0
48.0
58.0
48.0
58.0
44.0
44.0
48.0
54.0
52.0
66.0
64.0
42.0
50.0
54.0
48.0
42.0
54.0
42.0
60.0
50.0
46.0
44.0
66.0
44.0
58.0
64.0
68.0
56.0
44.0
48.0
48.0
52.0
58.0
64.0
62.0
54.0
50.0
52.0
68.0
58.0
56.0
