60.0
64.0
66.0
62.0
56.0
56.0
54.0
66.0
56.0
52.0
62.0
50.0
58.0
64.0
48.0
54.0
48.0
58.0
66.0
56.0
62.0
62.0
52.0
64.0
60.0
66.0
56.0
60.0
64.0
66.0
60.0
64.0
64.0
58.0
60.0
58.0
56.0
66.0
52.0
54.0
56.0
58.0
62.0
72.0
60.0
58.0
52.0
64.0
56.0
52.0
66.0
58.0
64.0
60.0
60.0
58.0
60.0
70.0
64.0
52.0
66.0
54.0
62.0
46.0
68.0
50.0
62.0
64.0
54.0
64.0
70.0
50.0
64.0
60.0
72.0
62.0
52.0
52.0
64.0
62.0
56.0
62.0
56.0
62.0
54.0
72.0
62.0
54.0
62.0
62.0
50.0
60.0
66.0
58.0
58.0
62.0
68.0
60.0
48.0
60.0
