34.0
34.0
46.0
28.0
38.0
48.0
50.0
46.0
36.0
46.0
48.0
46.0
36.0
36.0
40.0
36.0
28.0
44.0
36.0
48.0
26.0
46.0
44.0
48.0
40.0
38.0
38.0
42.0
36.0
34.0
46.0
28.0
42.0
44.0
28.0
46.0
44.0
32.0
48.0
42.0
40.0
28.0
36.0
44.0
42.0
38.0
34.0
30.0
30.0
36.0
30.0
42.0
32.0
34.0
40.0
44.0
52.0
30.0
38.0
38.0
38.0
40.0
38.0
40.0
34.0
44.0
44.0
38.0
44.0
36.0
42.0
26.0
42.0
32.0
26.0
52.0
28.0
44.0
40.0
32.0
26.0
48.0
48.0
32.0
34.0
50.0
54.0
42.0
42.0
38.0
42.0
44.0
46.0
48.0
36.0
42.0
40.0
52.0
38.0
48.0
