42.0
26.0
46.0
42.0
38.0
48.0
32.0
52.0
44.0
34.0
38.0
50.0
48.0
36.0
38.0
50.0
26.0
38.0
48.0
30.0
36.0
46.0
34.0
38.0
42.0
46.0
48.0
44.0
40.0
28.0
38.0
34.0
36.0
34.0
42.0
40.0
42.0
50.0
42.0
28.0
42.0
32.0
42.0
52.0
48.0
40.0
40.0
28.0
26.0
32.0
38.0
38.0
32.0
42.0
40.0
44.0
50.0
30.0
28.0
38.0
40.0
52.0
28.0
34.0
36.0
36.0
34.0
40.0
46.0
36.0
38.0
38.0
26.0
38.0
42.0
40.0
30.0
38.0
28.0
30.0
44.0
42.0
38.0
44.0
24.0
44.0
44.0
46.0
34.0
54.0
34.0
62.0
50.0
38.0
40.0
38.0
50.0
46.0
44.0
40.0
